00693651
00480756
00531078
01467336
01109690
01493429
00867478
00599106
01867749
01442966
00109268
00149655
00349060
00168401
00122348
00762377
01872893
00145914
01576102
00483735
01276594
00359580
00145738
01535150
01475609
00308896
00134316
01394377
01714997
00408266
01031229
01399071
00103662
01180118
01534610
00155373
00128607
01518506
00139205
01437186
00923899
00239888
00800084
00526696
01497869
01416235
01688896
00965813
01170962
01622720
01817337
01489958
00139685
00117212
01508572
01576935
00153861
00136642
00120872
01444380
00441243
00910202
00136341
01436628
00231691
01258428
01510489
00367385
00877174
00939942
01480780
01415892
00138747
01181232
01021666
01436558
00544452
01218800
01363818
01072518
00125974
01437292
01110678
00141307
00386937
01022142
01408980
01537459
00159810
01391033
00165361
00659976
00944917
01110182
01695498
00165103
00565215
01430475
01405451
00413994
00923826
00145437
01110076
00146427
00156150
00916659
00651901
00656021
00153621
00965512
00136864
00495633
00180865
01161432
01082834
00373021
00110884
00527002
01276327
01112700
01299106
00220057
01669226
01368637
00148531
00243979
01014657
01476219
01601453
00543204
01492688
00480525
01168383
00303217
00666329
00231901
00677334
00972293
00610490
00963684
01114559
01016886
00323549
00605124
00298687
00502410
00249098
01169498
00618401
01706703
00337296
01097906
00938688
00627029
00807397
00599151
00141626
00830447
00304915
00378363
00241209
00118008
00490090
00136101
00157104
00155212
00492706
01037542
00400060
00106614
00110875
00136721
00126256
01188378
00133238
01343665
00495554
00107224
00467445
00536329
01041828
01011182
00410739
00169215
00633835
00153126
00428321
00359395
00159616
01068737
00547583
00234971
01350869
01042623
01275665
00208514
01042775
00765569
00219848
00148832
00137456
00595182
01032185
00325112
00339391
00138321
00643656
01250374
01381984
00120182
00119140
00113243
00261054
00612188
01766741
01118643
00980122
00392770
01354953
00131939
00382199
01251595
01714483
01078178
01142075
00113191
00112332
00113562
00137517
00159102
00103176
00860332
00160588
00113058
00117744
00878915
00909349
00167068
00168933
00149646
00112882
00148391
00120216
00908155
00117267
00135917
00156275
00459844
00108533
00271440
00340005
00877712
01222016
00549925
01748444
00874937
01169434
01085442
00799070
01160512
00139214
00756163
01741760
00160393
01381799
00302236
01188749
00156859
00838500
01344202
01139266
00104069
00373650
00641171
00150633
01323032
01366824
00173999
01680131
00397058
00876908
00660033
00249034
01265914
00123772
01010642
01136597
01168143
01546101
01042979
00601191
00781202
01107665
01236286
01596425
01513699
00258801
01244601
00604426
01222432
01117918
01160363
00536541
01566248
01311408
00106119
00308559
00129509
01288827
00992543
00783246
01063884
00994994
00541163
00444329
00300405
00219097
01263022
01328639
00121039
01386509
00155948
00599285
01762569
01067808
00607496
00406046
00977650
00267906
00139889
01046203
01335790
00180263
00815086
00957568
00905583
00971090
00549563
01498974
00409681
00390860
01091382
01089378
01182550
00610861
00141273
00763923
01381966
00990262
00340795
00676724
01049422
00607797
00356927
01579570
01214743
00147295
01099861
01332137
00121686
00603278
00537559
00945208
00110583
00602136
00609634
00269889
00613318
01393721
01126004
00127158
00959229
01108442
01767494
00550082
00248938
00146269
01523128
00331061
01138717
00346966
01016983
00207108
00871772
01708066
00261975
00219051
01339237
00251738
00192347
01186963
00127459
00261647
00165413
01181418
01290248
00138695
00353230
00164618
01214044
01594904
01294341
00776820
00173661
00140177
00186513
00978677
00970268
00414975
01120578
00366298
00140964
00112873
00255257
00907864
00199030
01782952
00573676
01345070
01633513
00222374
00875167
00339230
01475274
00131799
00125910
00382001
01344840
00120483
01290804
01534027
00117072
00666383
00461593
01064388
00818490
00152455
00162221
00657756
01322529
00763604
00165653
00637901
00646495
00578130
00778794
00895985
00890652
00278373
01423916
01207169
00584362
01203312
00491938
00166546
00163682
01237577
00684918
01803352
00922702
01250666
00366137
00151447
00139834
00790839
00165459
00166333
00362292
00152437
00386672
00407975
01497373
00352000
00243988
00496207
00573551
00373845
00120438
00683450
00389013
00560308
00759902
00119724
01564222
00676566
01175499
01533310
00314718
00258476
00939289
00299367
01602124
00143642
00446479
00383019
00351427
00244419
01618532
01310269
00294511
00133715
00229058
00267058
00833763
00133089
00140566
00455389
00359766
00854207
00314790
00411774
01179927
00369602
00418041
00669450
00263168
00693299
00494616
00933504
00164326
01284751
00246301
00171052
01596920
01578076
00411844
00124577
00939429
00116073
00207737
01017803
01574672
00711896
01312489
00159768
01298930
01291432
00352718
00215976
01370793
00394583
00307037
01087477
00241236
00113492
00370769
00779845
01775837
00252001
01352566
00970143
01229240
00335553
01068296
00173740
00102399
00869500
00907323
00437514
00149451
00763358
01307441
00120988
00543170
00126089
00475736
00407814
00153393
00908021
01195545
00685333
01131510
00153418
00415558
00126308
00382834
01446759
00451763
00157681
00765365
00297448
00673523
01492217
00148896
00992808
00620868
01032486
00416593
00112004
00402989
00980061
00126186
00148434
01346343
00821050
00102760
01162732
01212921
00904663
00164478
00552080
01152470
00419873
00438708
00295370
00109107
01513431
00417680
00792174
01579020
00389970
00397207
01187573
00226316
00422284
00844936
01592492
01358898
00126371
00654175
00530468
00100656
00324867
00784643
01590120
00862905
00159193
00188973
00105606
00120030
00203582
01062177
00476939
01502587
00170558
01399992
00200938
00159643
00819268
01339389
00109693
00547510
01018802
00977696
00927512
00106720
00664181
00108302
00114792
00984401
00124656
00232317
00697611
00935821
00138020
01235296
00139029
01406900
01326792
00803665
01140138
00611666
00116806
00300557
01309209
00299358
00291231
00831978
00187868
01079733
01493535
00429889
01480708
00106623
00260356
00809517
00141042
01624348
00144021
00396518
00152923
01032422
00275251
01153956
00641001
00124504
00133663
01157545
01717903
00172778
00101257
01150311
01028322
01361245
01635308
00141282
01011562
00491336
00450339
00652779
00277736
01043844
00135166
00133317
00896559
00580667
00300399
00398950
01174223
00159874
00125655
00669706
01694903
00312048
01518755
00364795
00516246
01161292
00350020
00122728
00355335
00126061
01816684
01004553
00595298
00450931
00232335
01621183
00340111
00113614
00126566
00291152
00595012
00148504
00106456
01134395
00652016
00887001
00100814
01294891
01377404
01119244
00149770
01228931
01495445
01101254
00866965
00119131
00302634
00812362
00367482
00348575
00437277
01713068
00173069
00362441
00225742
00161356
00222295
00268163
01064272
00857550
00439965
00307189
00105174
00362885
01099667
01105621
01085187
00660459
00990396
01335143
01359815
01047336
00638487
00163512
01592049
00378220
01310241
00163716
01351080
01428203
00917861
00161426
00105952
00173449
00264918
00447487
00126937
01138364
00638539
00138190
01524093
00181934
00102858
00293886
00106368
00252135
00204688
00121969
00152385
00161444
00521390
00161693
00398701
00349927
00164645
00803869
00351375
00110307
01203808
01494118
00108065
00173731
00671783
00344287
01528141
00130046
00148665
00110060
01373709
00111704
00142713
00162461
01023549
00816696
00480783
00263423
00413444
00168012
00259253
00312084
00821218
00173078
01756470
00480048
00302120
01190203
01571392
00109453
00261735
00260958
00127699
00455185
00201788
00838652
00969642
00346911
00186559
00138224
00542898
01290132
00105271
01553129
00160843
00105165
00110547
00355380
00926522
01137383
00539274
00268011
00235147
00160302
01023318
00365624
00121941
00393636
00118521
01686755
01305869
00302078
00363927
00796471
01064041
00239675
00149026
00227333
01054123
01207761
00220622
01098792
01051092
00167004
00137207
01068658
00870481
00177870
01524507
00481454
00127200
00203290
00688996
00367844
00463582
01493793
00309503
00334040
00406037
01685251
00132354
01370863
00462121
00755739
01267550
00143794
00152880
00265290
00753573
00105855
01534577
00115472
00115676
00368515
00961570
00155276
00130152
00120571
00254045
01787072
01387164
00238977
01119651
00261285
00660732
00427137
00152862
01324165
00138792
00896285
00165060
00937324
00363592
01027794
00389387
01357765
00915492
00157070
01187166
00155735
00410997
00238001
00149293
00567222
00814786
00245898
01620713
00589127
00313649
00103592
01204056
00325185
00261443
00155319
00207676
00127936
00172936
00103042
00123718
00565154
00304076
01353024
00137359
00260930
00769158
00262266
00310156
00142883
00149813
00160144
00263371
00357935
01689336
00102618
00384887
00583026
00296078
00452045
01258507
00256955
01676642
00108746
00139719
00145552
01185566
01304648
00144243
00861720
00960623
00622787
00867034
01118139
01182444
00989664
00501970
00820389
00268118
00896753
00143314
00220109
00317681
00475985
00393469
00476498
00535746
00125965
00309460
00257149
00608839
00204226
01259056
00442561
01201970
00241005
00112378
00258360
00962393
01050738
00602172
01013694
00675594
00442455
01231786
01210190
01037214
00111218
00357607
00408956
01584183
00216647
00800145
00492894
00556907
00349811
01222113
00265421
01166109
00366942
00585219
00530413
00561866
00533191
01165739
01335578
00226547
00159698
00363510
00109754
00763473
00863038
01573381
01047169
01084364
00113535
00192499
00497631
00918222
00585538
00919966
00244561
00104519
00524786
01226234
00115977
01214248
00146542
01158553
00210980
00813389
00672603
00143226
01363924
01259418
00659684
00232089
00122825
00147082
00101220
00842619
00113544
00991225
00624749
01462739
01082348
01226410
00220613
00367695
01065679
01144028
00185505
00861100
01784394
00109824
00965318
00130587
00208444
00606770
01365825
00164362
00181943
00139764
00138297
01139497
01364297
01442115
00238782
00477257
01258020
00259934
00628189
00888347
00540429
00359623
00348034
00519252
01158632
00298377
00101549
00838005
00159795
00104810
01187476
01011526
00447609
00104573
00609315
00415646
00693554
00304401
00145598
01185867
01293953
00825959
00355548
00872656
00536888
00109189
00828789
01497124
00548519
00232007
00475718
00366517
00400857
00525642
00939331
01540453
01303029
00375931
00361345
01226270
00485177
00113261
00158015
00135777
00306870
00520887
00112059
00199252
01035678
00107598
00216498
01575361
00866062
00458562
00307222
00346610
00442835
00862853
00117276
00670085
00107677
00109514
00652423
00876865
00132211
00162063
00615723
00137289
00818472
00305570
01540815
01234507
01205329
01181807
00113207
00964595
00103006
00440712
01391103
00234227
00130772
01505186
00619507
00976615
00942131
01179617
00231372
00246620
01153105
00767628
01065013
00377018
00106881
00409371
00111227
01383229
01800285
01118281
00204642
00414540
00269940
01067516
01246034
00601988
00361381
01259232
00242934
00334624
00259776
00249982
00125646
00852087
00875307
00447575
00577380
01336762
01147487
00115287
00608316
00260657
01435489
00370200
00975290
00414601
00580056
00120924
00531014
00150536
00535375
00220969
00807555
00542074
00803425
01336461
00458234
00577016
01112889
00105466
00624518
00149266
00125530
01572489
01190780
00147860
00679314
00187770
00261373
00173591
01397620
00351092
01259311
00632793
00269241
00661157
00228059
00378628
00127255
00242378
00134723
00198697
00689418
01359736
01506990
00611286
00303703
01725160
00351579
00159564
00177816
00143262
00173351
01267222
00104999
00469799
00674498
00399694
00426828
00165583
00144252
00298447
01394669
01205709
00295857
01335453
01182259
00112819
00796994
01384477
00351454
00124805
00816544
01335374
01472930
00361488
01586455
01042711
00143651
00143527
01305249
00556615
00490179
01663055
01441611
01480568
01367586
01511558
00867098
01029394
00131692
00681142
00426068
00620558
00194947
00151395
00706715
01559637
00671376
00231105
00117708
00365934
00104698
00977377
01157235
00665676
00125576
00330424
00347716
00815369
00580199
00117726
01217014
01436479
00153755
01020524
00370918
00876209
00442631
00389110
00219361
00268251
00341916
00117966
00569691
00986898
00144650
00447502
00146296
01101041
00692254
00653103
00980043
00153339
00432102
00425254
00852096
00206686
00232821
00317104
01051065
00151368
00104722
00527464
00486370
01406265
00125080
01514005
00480950
00112721
00435969
00107613
01705625
00596677
00118451
01140837
01516890
00811372
01605529
01035368
00153375
00164876
00491415
01512575
00417167
00442570
00132868
01437432
00261957
00110608
00128980
00121154
00543107
00136457
01325429
00423690
01311286
01067437
00522007
00280688
01068348
01318933
00112022
00409140
00494218
00199076
01700587
01344336
00108038
01116502
00301112
01261644
00668965
00541862
00493325
00187725
00113508
00838962
00445160
00161709
00583442
01077577
01327746
01063556
00541437
00330044
01190568
00109037
00385415
00957735
01407158
00764807
00493185
00557933
01206717
00114765
01095722
00152127
00885906
01336735
00498001
00624378
00266934
00112679
00109781
01508855
00127857
00245472
00407036
00390514
00100601
00131504
01405585
00117230
00105156
00305668
01806951
00148461
00132202
00416654
00563837
00122056
01137903
00141477
00259545
01090471
01571107
00238153
00159573
00765897
00129554
00202839
00350482
00929228
00111458
00249247
00828761
01135640
00124151
01218299
00228712
01203507
01228515
00145686
00585608
01117422
01586172
00160418
00997812
00134565
01169267
00799539
00532855
00124027
00362122
01012640
00642897
00123781
00298340
00145473
00120289
01583652
00156354
00297095
00533924
01398151
01354740
00364467
00347877
00200275
00567897
00158149
00957373
01263527
01116380
00210856
00163673
01538528
00130383
00641393
00109806
01309388
00360036
00108977
01468061
00171867
00595191
00486097
00125938
01585155
00416414
01117246
00925374
00351630
00820352
00698805
00164636
00338170
01365384
00874797
00260611
00819374
01160974
00409672
00474588
01064069
00226352
00561723
00263140
01601222
00807379
00357360
01262023
00185222
00164830
00977641
00141404
01109122
00365989
01114586
01036367
01310773
00400121
00172945
00367710
01402995
00264714
00138367
01032583
00763701
00243067
00130763
00109286
01437858
00190321
00552992
01251577
00488402
00122205
00660121
00125725
00493510
00985686
01712485
00809429
00126414
00608699
00184667
01153293
00266952
01494154
01245062
00148364
00799177
01013311
01497142
00148540
00261887
00103644
01046391
00268002
00219440
00122472
00683007
00126788
00587457
00118026
00174208
00136776
00203315
00787057
00959210
01587056
00759294
00255044
01792825
00128546
00628860
01203376
00164724
01208849
00411385
00530556
00349097
00229021
00872984
00209780
01267684
00397289
00556712
00250614
00137234
00605522
00795135
00173032
00596260
00657002
00545114
01675014
01101722
01276901
00146861
01516456
00228350
00864338
00326731
01187494
01033591
00216434
00904672
00532059
00405959
01397903
00149354
00545734
00938721
00145446
01105153
00271501
00365758
00187415
00384717
01110474
00486705
00204262
00116824
01302853
01109539
01205842
00184889
01230255
00148470
00307028
01115044
00299464
00554352
00131832
00402110
00624998
01514698
00122694
00365590
00449379
00100939
00162993
00666204
00108135
00167208
01130885
00983916
00150165
01139035
00561732
00365387
00684732
00861997
00479787
00113410
00111838
00146436
00170877
00454399
00389998
00129420
00186939
01276026
00453929
00829380
00369833
00429694
00591441
00219574
00200910
00190756
00103510
00373447
00442826
00163114
00249894
00174004
01274329
01358463
00364254
00176914
00119672
00350312
00137915
00243757
00459871
01319808
00911955
00155586
01135941
00657987
00390055
01336373
00155638
01085026
00193009
01335930
00161976
00666064
00136165
00126487
01568413
01217865
00494476
00983040
01478712
00587925
01036446
00445054
01047451
00370006
01495180
00258102
01116344
01181515
00255105
01328170
01009789
00111111
00553025
00175623
01060735
01038693
00988364
01412822
01301252
01023822
01049167
01188730
00535481
01569838
00156488
00160047
01010110
00537832
00531917
00160621
00122898
00244747
00155355
00138260
00963976
00178754
00661847
00163691
00273420
01326279
00223434
00681373
01012066
00442154
00129679
00823429
01596656
00604268
01174038
00360142
00105280
00618410
00684802
00616290
00264228
00139153
00152783
01261893
01028164
00231664
01011395
00159254
00571298
00500254
01108248
00592653
01264234
00317487
00114686
00428729
00550994
01526806
00614593
01051472
00162072
01133217
00259590
00233653
01264438
00144164
00609324
00766106
00527491
01265251
01318261
00385336
00267881
01152586
00572905
00267854
00269852
00611912
00415868
00104786
00520610
00568461
00963000
00166175
00109019
00791209
00364403
00664048
00862312
00340917
00825223
00373571
01201590
00361169
00476036
00117337
00288495
01575839
00255619
00372688
01396676
00526678
01074862
00231044
01043853
00555874
00231354
00916516
00576789
00540863
00202060
00384762
01281541
00126955
00879020
00415628
01459212
01696451
00103130
00623184
00273110
00453284
00544577
00560122
00525864
00668600
00135111
00124540
00110750
00391197
00815095
00652007
00188797
00525679
00159731
00854997
00157539
01290381
00466428
01353848
00862880
01751448
00296290
00445841
00249441
00141149
00112457
00180795
00526599
00353018
00569646
00145163
01080252
01141599
00358271
00154718
00138279
00154329
00159209
00362858
01080687
00111193
01237434
00151298
00593032
00534701
00244455
00624509
00166272
01096341
01396931
00149804
00229030
01352575
01035289
00300548
00808068
01150515
00961507
01555215
00667425
01026157
00137012
00144818
00111810
00125822
00936361
00925295
00148939
00125664
00131018
00398668
00992871
00676122
00178851
00403793
00169048
00170026
00793155
00120562
00427483
00158316
00753643
01065785
00288343
00141671
00306162
00339072
01165155
00423177
00116426
00761952
00786711
00105475
00852078
00656289
00246417
00503668
01293388
00159500
00130879
00523936
00363769
00374020
00117027
00867849
00118965
00336297
01142400
00979074
00362201
00168331
00252269
01307335
01211232
01042650
00925189
00455981
01128622
01288410
01592447
00922304
00127954
00106395
00946030
00560982
01199727
00356839
01292291
00327396
00264635
00148920
01329957
01466832
00397191
01341630
00670766
00195229
01196313
01022902
00264255
01532603
01146220
00631518
01408999
00484682
00186452
01063954
01454341
01429840
01573284
01405390
00108649
01020269
00390903
00107066
00562245
00172185
01070149
01326224
00540641
00340272
00372882
00132725
00161781
01182578
01135084
00144012
00135050
00218575
00302926
01034730
00120076
01053540
01251489
01467451
00260745
00137809
00867973
00161860
01159853
00642541
01063237
01095704
00163761
00156895
00138598
00536286
00406329
00193328
01515864
01315042
00606886
00301246
00101433
00117300
00127167
00210740
00332927
00108001
00298270
01061497
00249502
00883980
00605328
00159786
00990819
01365038
00411808
00159218
01042429
00162832
00958664
00149594
00575106
00346407
00506294
00962922
01109937
00151863
00201131
00563545
00287812
01368354
00191287
01416572
00132992
01372782
00162586
00156910
00361008
00154055
00125488
01738483
00295547
00121288
00852175
00103547
01187458
00521433
00133876
01345724
01622331
00995993
00808086
01061327
00360674
01297898
00131197
00136925
00152260
00369107
00363246
00132318
00318316
00231929
00166315
00167192
00728638
00108612
01583953
00453488
00261009
01602638
01246742
01042085
00892526
01156795
01089350
00398808
00318662
00158024
00148948
00163345
01255652
00910840
00604028
00663289
00921916
00788737
00380429
00603348
01084294
00161125
00533508
00155692
00223762
00120906
00574611
00177320
00302582
00128227
00172228
00113128
00105101
00297989
01136348
01336443
01616808
00623661
00372873
00164502
01507722
01692321
00920379
01146822
00360744
00230425
00199988
00445799
00173698
00156956
01798980
00982023
00604815
00480455
00129387
01258710
00634728
00480367
01071944
01223219
00371740
01190124
01366000
01702017
00911229
00526951
00832700
01267967
00667373
00158565
00276083
01507810
00235183
00296005
00614478
01416642
00101628
00537337
00494546
01237540
00858124
01026616
01309795
00217743
00155151
01390399
00384948
00475976
00557508
00372253
00683283
00353610
00222435
00866451
01062867
00645089
00903503
00528515
00260879
00138303
00240857
00610083
00131780
00160232
00357740
00317210
00568188
01274310
00635134
00694942
00264671
00579139
00608802
00532129
01344831
01021949
00654272
00660291
01108099
01423837
00122737
00365457
00103635
00203023
01693922
00306454
00185046
00360595
00636656
00412348
00761059
00128555
01134216
00158325
01291317
00226866
00609661
00441304
00407771
00132637
01008762
01135057
00983271
00855093
01093007
00181712
00163196
00126201
00156600
00230814
00348292
00372226
01109070
00159971
01031502
00525882
00108940
00105138
00983934
00816933
00120021
00974927
01189438
00392691
01021639
00121543
00923516
00164779
00626011
00616962
00155124
00573579
00157636
00357430
00102432
00171636
00309831
00119195
00828497
00150828
00874803
00129013
01462605
00523176
00164788
00122481
00513948
00219486
00915508
00797364
00148522
00336817
00291860
01569102
00438036
00128971
00144720
00137368
00117498
00540571
01137295
00916826
00927558
01136977
01170865
00175650
00164308
01335851
01593668
00857727
00101488
00267979
01397772
00819073
00454946
00111689
00576798
00147994
00139083
01604371
01678835
01337017
00450995
00108490
00112651
00116408
01717170
00258421
00925967
00102353
00580065
00186799
00122551
00257732
01159233
00231442
00531829
00130684
01487446
00321204
01309421
00913689
01456011
00220686
01492651
01071041
01016479
01506848
00450010
00626464
01243161
00978075
00956028
01136001
00145668
00486875
00261656
00765851
00152039
01309069
00523307
01414422
00397252
00808022
01731453
00267942
01491607
00201432
00945457
00117629
00197476
00530121
00115694
00371485
00537221
00390408
00145880
00611736
00442145
00413046
00244783
00201450
00173874
00602279
00441650
00155452
00123523
01047707
01301623
00530185
00296324
00134510
00264945
00552859
00761183
01061558
00299002
00265324
01412725
00991298
00205003
00471068
01075126
00266961
01516368
00206659
01364747
01489648
01386916
00875237
00125743
01032404
01079210
00136402
00247975
01020843
01722437
00141529
01219155
00353762
01113930
00632304
00149947
00114154
00110431
01267170
00136226
01621280
00164812
01109715
00956930
00161116
00217947
01113718
00106313
01786514
00468374
00225706
00104768
00141556
00352064
00401731
00273439
00181299
00617998
00821607
00276834
00269922
00551920
00307897
00489243
00688358
00250137
00172680
00695969
00670340
00899459
01205851
00303873
00123541
01721809
00833064
00619640
00140061
01113499
00140131
00599957
01227039
00445869
01409022
00121932
00340096
00134176
01124653
00404288
01082418
00578538
00101664
00564562
00886792
00441447
00573269
01488320
00145260
00160205
00124090
01011438
00323868
00306719
00265005
01413371
00158963
01144569
01675421
00361594
00256502
00413417
01182240
00447928
00111722
00351807
00923792
01534522
00124197
00164672
00131054
00125521
00991191
00104537
00230911
00820024
01168684
00377610
00159023
00172079
00966168
00263654
01360875
00488989
01091054
00350048
00248053
00236863
01267958
00128175
00255275
00136086
00274933
00608440
00353878
00356370
00115612
00256715
00631837
00238199
00133335
00258689
00367604
00579980
01390344
01047415
01113754
01130849
00114093
00145464
01141942
00541349
01199550
01671601
00508344
01003040
00760971
01073678
00105040
00415327
01117413
00989619
00390365
01069736
00535676
00203847
00617314
00415594
00296263
00355089
00577335
00133511
00138242
01208821
00185356
00305297
00878696
00359261
01014055
01453670
01046708
01407909
00362238
00533809
01573974
01547933
00359076
00245694
00899556
01672053
00428251
00495086
01419135
01042359
00250997
00369657
00102751
00231707
00614089
00160010
00941549
00612294
00681249
00492353
01014718
00270113
00356361
00124276
01110058
00120526
00327819
00563518
00301422
00205687
00379229
00158307
01319899
01675227
01186404
00545716
00131850
00369170
01562589
01316245
00204208
00173102
00533003
00255433
00876166
01222867
00126478
00332468
00826435
00447760
00148595
00303192
00216027
00663669
00770312
01027828
00152589
00871833
00936787
00303396
00239639
00137058
00129615
00970453
00113997
00629212
00412597
00138057
00405506
01012987
01311055
00260408
00128111
01682740
00612489
00164609
00104120
00158219
00188089
00146232
01381391
00178790
01058101
00479705
00121507
00117188
00971726
00491053
00248974
00598198
00119007
01770203
00463342
01066058
01210066
01199189
00129642
00656951
00147152
01440153
00201733
00351995
00367871
00453442
00374738
00148984
00961774
00152686
00173944
00524421
00765462
00231831
01327092
00370255
00116268
00133618
00364306
00155258
00133557
00430089
00127909
01139965
00111847
01187148
00540447
00130408
01221752
00129989
00657783
00870861
00405719
00449254
00660750
00152729
01018617
00472890
00411048
01409095
01217829
00651017
00406727
01791561
00363486
00993931
01712616
00112165
00379016
00527011
01182408
00367455
00349732
00118284
00132628
01785700
00869272
01792791
01701328
00393618
01128613
00166227
00115931
01030503
01063990
01215618
01207716
00116949
01696275
00128315
00759513
00155531
00108913
00128661
00140168
00159740
00687711
00114808
00148993
01256864
00230036
00352499
00128032
00664853
00129235
00684714
00175173
00127802
00136271
00107987
01124680
00118345
00335076
00140858
00153524
00815767
00858364
00111874
00831428
00158909
01524817
00164742
01169832
00112970
00113359
00526872
00164973
00174527
00118275
00571483
00129350
00426086
00102113
00146560
00536523
00118044
00111999
00362159
00118804
01032413
00788773
00159342
00122579
00124106
00157991
00128412
00447007
01257872
00560849
00632845
00147222
00587466
00201742
01677429
00109587
00161383
00126779
00153278
00191472
00113234
00109161
00114552
00113465
00403766
00133706
00149239
01264872
00868705
00166573
00127042
00142661
00843900
00138729
00364847
00456218
01515323
00410915
00857392
00146083
01262458
00149345
00152932
01267602
00369569
00209443
00113225
00261355
01584934
00422895
01674468
00165343
00197759
00925587
00105299
01344363
00253985
00121570
00146454
00151128
01620971
00958327
01524118
00529815
00163318
00264732
00173795
00115384
00297934
00133812
00171265
00129271
00861076
00251400
01760738
00129280
00103015
00146214
00108241
00540605
00156442
00198192
00147772
00116301
00328191
00160861
00138446
00150244
00142865
00409964
00958451
00123107
00105873
00144395
00161046
01702424
00161408
00299844
00778235
01785056
00671978
00455875
01667592
00356389
00136624
00138516
01675254
00101044
01593242
00405278
00369213
00606664
00125150
00683469
00356802
00239514
00138701
01025644
01047840
00990165
00653194
00256380
00579999
00154426
00435312
00454937
00109718
01700921
00221728
01236532
00113526
00487546
00562360
00136004
00165680
01004775
01234297
00526836
00186717
00442905
00203209
00414850
01262032
00659161
00897752
00141875
00132804
00329093
00146649
00415707
00104856
00264547
00303794
00136378
00216762
00167031
00292434
00158501
00148276
00958822
00162911
00208134
00172291
00972503
00137252
00525934
00599595
00156691
00140779
00131896
00117179
01059605
00133991
00136448
00110893
00137997
01109955
00403632
00231363
00191588
00166528
00141413
00118266
01242241
00121534
01208885
00876643
00104102
00135962
00534598
00366845
00105961
00133858
00653024
00404701
01030132
00364740
00158112
00124799
00413523
00162416
00385363
00135795
00407285
00135467
00177199
00139454
00124726
00508274
01015160
00962223
01765256
00170442
01619513
00545929
00682992
00223513
01238169
00360577
00117577
00260392
00166519
00579971
00239596
01674538
00531865
01179608
00405320
00418379
01513440
00605610
00965062
00287788
00117601
00102140
00151605
00141246
00176835
00157399
00228536
00141389
00148610
00347062
00470829
01594764
01060744
00132488
01724709
00145190
00140955
00106641
00490151
00234412
00126292
00857480
01060814
00126362
01616482
00103626
00148443
00787376
00124780
01236897
01011872
00161462
00220561
01375822
00442048
00126380
00939687
00425351
00269612
00842585
00106669
00143907
00331016
00141608
00482426
00396925
01765265
01406618
01719105
00760999
00140946
00166500
00115065
00133751
00109310
00478900
01574760
00578325
01035942
00767460
01766167
00189538
00123143
00101752
01785551
00256043
00625942
01797440
01012589
01744703
00945776
01725577
00242712
01629495
01624162
00111421
00860730
00254948
01213586
00231512
00130091
01167056
00206039
00549891
00855163
00411446
01671197
00265041
00409788
00207375
00135999
00128926
00805539
01138771
00877819
00145109
00260569
00176516
00145862
00104388
00877059
00154462
00583424
00646732
01311310
01724417
00260383
01724338
00311216
01700374
01613281
00606293
01658266
01791321
01357446
01761296
01316227
01205514
01316254
00222532
01325979
01316236
01796858
01689938
00150439
01656374
01612608
00140052
00347734
01690235
01688346
01706819
01663639
01670675
01781847
00160375
01677678
01760640
01775952
00586120
01683387
00134963
01701753
01672114
01669475
00824473
01292671
00225159
00648721
00164706
00398792
00134477
01601286
00146719
00234865
00554024
00273615
01187865
01412938
00361266
01652970
00359474
01447244
01504910
00107303
00496225
00395324
01437724
01187713
01603619
01373815
01424340
01370182
00222806
01675698
00565242
01013083
01411656
00846651
00226228
01504309
01434499
01434684
00577982
01656693
01445477
00673976
00188715
00155498
01210048
00463449
01597859
00888611
00131328
00990563
01089855
01187175
01186671
01591606
01526949
01632851
00599489
01591262
01440481
01117592
00878517
01705777
01343735
01631658
01576713
01535257
01514519
01514528
01447217
01450105
01006445
01505469
01505450
01528530
01582228
00910947
01419384
01583397
01596665
01568875
01676989
01513404
01368725
00329446
01336160
01338724
01646526
00540340
00785475
01113949
00652159
01055326
00311270
01190513
00764205
00664923
00155382
01536955
01359019
01150667
00822998
01163050
00872452
00360425
01335985
00609485
00905316
00130888
00334615
01179079
00806972
00258014
00249104
00397243
01355891
01096402
00350738
00549059
01035438
00520753
01172386
01350638
01290275
00411905
00595243
00857231
00167280
00301653
01428249
01388631
01116274
00866594
01055317
00914040
00406392
01414370
00123967
00424529
01436336
01390876
00266943
01414936
01414361
00542065
01580178
01567520
00120508
01070857
00306135
01419986
01416457
01395279
01504804
01393299
01418543
01378157
00683627
01067242
01327834
00264787
01402199
01148909
01259454
01343072
00491983
00601641
00366793
01183407
01179592
01393013
00343127
00658603
01352991
00118460
00604329
01366365
01133466
01081914
00495475
00697480
00777953
01185548
00159005
00117638
00255141
00136095
00117258
00551443
00419989
00194275
00176792
00202185
01008896
00364689
00599887
01418260
01323263
01167986
00122339
00441128
01360477
00678096
00493431
00455112
00159290
00110051
01337220
01344752
01137897
00673301
00563147
00364111
00297961
00650629
00922173
00207755
00198378
00116356
00687085
01015726
01351822
01326260
01336285
00843830
01371312
01351114
01343920
01336391
00954242
00222213
00786331
01343373
00780319
00553247
00493501
01157332
01236815
01195828
01170351
00757816
01306390
00299677
00874195
00544018
00908979
01086812
01243772
00930321
01346486
01044597
01218086
01102095
00111865
01277104
00444435
00389679
00967608
00159412
00814810
00664039
01131990
01269202
01186811
00216337
00864842
00351418
00989327
01214345
00858054
01407307
00100258
00262479
01209574
01337114
01063963
01221947
00598587
00658144
01247918
00413453
00411534
00259828
00366119
00876360
00105244
01243550
00526465
00526447
01277928
00102681
01138993
00347442
01224874
01119387
00530796
00961136
00123514
01257526
00965789
01005437
00553876
00414300
00155647
01066030
01051339
01080173
00594688
01219845
01273597
00695464
00823687
01038499
00527880
01113781
01076550
00671437
01179839
01336197
00111014
00454265
01208432
00137836
00932781
00473400
00124063
00200956
00232496
01185593
01346404
00129411
00921475
01117495
01248281
01111570
01076037
01212383
00252755
01095397
01113277
01194759
00858373
01199985
01181940
00609254
00123152
00856728
00503899
00515283
01201581
01194892
01197428
00619020
00580180
00867469
00656340
00481223
01234525
00589400
00865382
01252567
00148717
01090921
00334244
01109186
01102800
00207223
00156044
01111020
00842327
00790121
00436676
00324104
00163789
00100717
00269038
00180342
01111765
01095892
00664288
00109170
00571836
00408336
00361725
01143083
00106377
00569992
00348177
00858355
00120465
00162780
00925453
01115257
00162364
00257893
01130937
01136852
00123286
00855145
00555740
00299747
00835734
01117103
00612115
00887995
00896212
00838421
01018954
00130949
00100841
00890388
00975397
00817738
00138206
01089828
01119217
01087079
00776219
00101336
00855437
01090301
01089961
01094565
01019421
00614849
01075047
00634968
00856597
00104421
00146764
01088458
01114735
00268181
00407391
00686068
00686147
00447478
01010572
00722500
00653112
00105086
00144207
00659815
00599230
00974459
01038514
00262336
00262761
00267960
01018167
01087714
00950626
01004508
00992312
00301705
00446831
00112907
00108418
00350251
00317830
00580630
00580621
00587101
00580603
00116578
00372989
00394778
00529310
00446965
01111057
00529523
00110495
00202778
00580612
00526474
00405597
00127370
01080410
01046179
00636045
01143287
00252393
00632331
00110486
00756330
00153311
00144766
00108250
00149664
00858540
00376602
00947659
00450214
00929778
00856825
00410678
01089387
01047929
00858744
00461690
01047716
00934901
00163619
00271361
00140362
00318538
01038161
01064315
01041217
00683353
01043871
01047567
01065536
01072660
01091391
00110538
00302801
00533696
00533678
00659879
00256344
00533836
00533793
00533757
00533580
00418476
00218052
00120535
00111643
00447982
00123648
00268701
00678281
00423609
00124018
00659435
01022054
00446460
00413824
00700085
00151030
00194248
00443649
00855826
00954224
00496003
00247559
00207542
00164955
00378947
00364926
00115667
00332538
00351047
00810531
00912006
00790547
00893923
00120377
00138127
00270089
00378442
00311030
00255071
00269065
00100957
00975865
00224691
00265227
00159926
00196370
01007684
00790501
00959265
00797258
00125628
00219389
00822572
00872850
00967778
00852856
00281623
00858577
00982634
00137702
00614450
00359030
00167314
00890333
00788807
00317089
00907660
00248123
00694003
00825968
00846396
00257219
00164469
00385655
00130897
00315267
00156521
00160117
00352620
00125929
00300797
00584511
00525527
00160612
00183260
00246347
00535719
00272412
00356158
00264644
00138835
00149327
00857116
00451116
00970277
00350491
00676380
00144155
00244729
00351269
00270432
00126229
00646574
00136970
00665630
00510534
00273101
00502182
00512532
00512541
00512550
00505569
00167341
00188122
00776486
00268394
00140919
00908854
00206084
00259439
00132105
00858470
00159175
00165529
00224567
00956994
00932930
00219185
00163585
00560025
00165149
00174509
00174518
00100416
00262123
00586041
00790167
00510914
00842479
00991012
00543231
00262114
00859707
00124212
00375302
00101363
00104078
00630111
00470254
00264857
00480905
00481409
00299817
00106492
00790103
00653990
00116860
00161028
00154392
00445513
00429870
00140380
00243322
00505198
00693800
00116763
00505189
00361114
00505170
00679730
00505550
00255840
00505541
00229818
00148328
00254009
00502793
00127024
00133034
00208301
00582054
00796675
00900278
00547422
00153481
00104971
00453752
00685704
00183914
00351153
00844884
00126885
00852582
00138376
00788241
00540313
00371519
00122922
00637114
00329677
00416706
00592592
00592583
00102645
00173634
00251482
00502474
00824844
00121251
00670243
00268437
00115269
00204828
00115144
00219413
00240088
00267951
00264802
00405889
00644178
00207728
00162577
00812229
00193805
00792484
00694818
00267809
00808226
00206747
00804983
00802028
00314888
00481676
00222550
00828309
00113632
00824659
00430168
00220181
00111591
00808262
00160533
00804114
00244589
00251190
00113173
00266989
00141361
00130815
00189343
00170123
00385433
00104704
00150855
00798530
00173166
00207436
00164335
00558279
00797674
00243508
00132114
00300061
00830377
00154189
00680161
00642648
00384823
00579379
00173324
00260693
00245296
00349468
00251385
00240398
00265263
00386557
00355821
00403465
00361035
00441872
00299932
00275260
00261124
00264741
00206127
00508566
00520407
00537443
00122436
00647917
00126593
00803504
00687410
00264981
00336288
00798284
00121729
00161301
00334493
00399773
00697329
00299376
00149248
00264848
00153551
00122700
00849898
00262035
00347619
00760500
00259378
00697949
00173759
00121987
00174323
00102043
00174129
00687599
00380766
00228916
00142564
00686970
00352295
00350118
00261212
00596534
00264796
00298252
00408585
00200761
00268297
00236368
00385451
00461618
00191108
00267094
00188946
00560991
00134051
00267474
00173333
00258999
00103121
00310271
00265078
00258944
00314000
00262682
00223346
00114215
00268880
00259536
00221320
00347840
00264811
00128759
00316488
00255169
00101947
00114826
00334767
00439053
00335924
00164414
00130860
00345657
00837680
00359094
00778059
00261160
00778040
00200798
00115427
00263779
00198572
00186540
00269773
00355292
00301486
00682196
00684547
00167378
00436144
00346832
00164195
00264130
00581000
00322461
00300566
00575258
00234555
00104892
00124054
00263821
00134909
00535588
00183215
00331760
00543523
00827443
00586360
00542001
00264556
00362089
00268358
00246383
00259493
00262275
00436074
00507257
00269287
00257529
00358095
00316752
00394574
00154204
00174475
00134060
00210537
00369675
00287724
00107358
00463050
00103325
00428792
00542719
00101275
00475532
00150226
00261188
00350057
00721981
00250775
00173397
00347363
00225210
00268321
00299686
00367376
00149877
00417963
00152631
00311298
00468806
00540304
00106508
00262044
00113580
00154727
00359641
00548865
00538497
00109648
00238913
00510215
00685430
00104096
00353735
00504357
00348557
00331733
00161365
00335562
00247887
00648697
00648688
00788153
00392600
00268020
00331007
00215107
00178471
00109772
00159281
00231521
00648156
00475286
00265342
00174305
00269339
00328483
00211271
00246189
00128731
00320807
00144562
00240370
00248691
00797133
00156734
00229863
00208693
00241087
00151526
00114321
00110176
00344746
00259606
00129183
00148188
00102788
00465410
00267775
00142698
00242439
00161639
00148744
00633589
00451268
00362380
00244862
00388272
00158839
00345499
00267997
00128953
00101442
00348007
00300779
00339063
00252588
00263991
00257194
00519492
00535773
00441298
00660972
00328854
00325981
00237260
00312747
00321222
00252375
00361202
00264103
00450728
00159908
00363325
00336570
00136235
00264769
00477372
00255309
00197324
00259855
00405472
00271431
00306986
00375579
00353683
00106322
00349787
00271413
00364670
00260903
00136554
00586652
00370547
00518873
00110316
00360540
00696700
00219176
00297165
00225140
00154268
00397766
00372013
00133779
00256292
00130204
00291578
00269861
00144067
00598985
00133928
00264024
00197865
00318617
00114303
00143679
00514105
00480844
00152914
00263885
00368463
00249830
00534039
00540021
00244871
00295875
00110459
00369408
00105767
00301015
00161602
00165565
00329084
00348140
00107923
00265218
00356246
00348584
00458915
00162878
00330017
00115038
00111829
00459589
00112068
00264839
00308948
00298960
00556420
00471989
00268482
00119733
00363033
00301626
00294371
00257051
00142591
00341642
00316345
00377814
00230744
00374075
00288653
00405074
00421045
00364227
00368791
00593519
00557030
00557049
00261461
00557058
00120456
00104838
00222781
00557067
00634603
00114701
00119423
00263803
00102821
00511339
00350358
00151252
00296069
00138950
00267076
00280730
00246657
00222611
00371564
00366456
00347080
00340962
00127796
00160126
00276065
00163266
00222657
00190677
00367215
00165200
00436728
00220552
00132123
00318778
00152950
00143013
00326193
00234449
00194372
00274289
00220446
00316026
00261805
00356644
00111740
00337940
00120599
00300256
00126496
00120100
00106650
00108047
00322443
00366696
00520212
00160445
00102122
00230601
00151809
00155267
00254027
00303837
00138491
00398534
00204721
00130037
00375922
00164292
00101460
00103149
00263007
00426998
00244330
00386876
00376541
00260833
00275808
00116499
00330406
00230489
00328632
00327299
00375700
00371139
00265023
00261258
00243289
00341332
00491965
00163044
00241120
00437912
00305817
00150183
00254911
00111564
00246170
00111670
00492788
00390028
00120960
00154693
00340281
00266226
00331812
00137571
00302324
00382375
00149053
00427331
00139418
00111652
00117382
00360799
00252658
00344409
00420152
00172617
00231239
00149901
00135670
00264963
00159272
00268145
00136217
00229827
00248956
00154417
00110981
00506984
00267669
00287955
00430292
00358730
00517397
00141440
00274669
00260921
00141644
00329640
00261072
00427438
00267021
00140353
00130000
00170293
00348052
00210917
00267696
00100276
00510589
00325918
00274410
00247762
00161888
00232964
00350224
00145534
00367598
00430016
00392293
00269296
00255266
00513197
00262488
00265403
00366164
00101992
00144933
00261586
00328845
00424273
00246815
00110079
00131364
00256742
00425360
00151614
00175331
00318033
00111713
00305695
00421009
00354600
00162081
00153852
00164663
00253514
00105509
00173254
00261799
00334077
00325723
00103583
00162142
00163178
00247443
00106483
00261601
00203458
00149840
00236021
00357148
00259916
00101637
00179832
00124513
00258731
00271352
00110963
00265254
00358545
00329695
00115852
00205410
00125406
00402527
00257361
00357032
00287964
00117461
00267793
00426794
00359614
00294760
00260976
00320311
00244002
00261452
00260639
00263955
00283445
00369338
00264529
00271884
00152844
00267720
00141334
00309983
00332033
00264185
00387741
00218654
00259864
00236313
00105183
00384452
00295343
00252029
00188308
00330415
00126450
00208374
00272388
00260888
00244932
00171308
00268224
00338125
00332112
00341545
00130107
00273536
00262099
00157113
00107446
00264413
00318343
00272351
00262196
00219112
00264033
00258096
00172103
00270405
00113696
00192091
00315540
00231567
00266907
00352125
00336048
00123426
00292081
00255956
00102380
00216285
00287946
00329455
00259688
00261106
00244695
00304429
00185903
00248521
00263061
00276108
00315513
00296564
00370079
00131434
00275710
00261540
00265175
00277994
00350543
00226273
00122746
00274456
00174068
00119362
00116532
00119894
00170451
00154912
00335173
00264422
00196680
00348788
00172200
00262512
00261319
00298359
00261911
00299765
00104467
00147949
00302315
00272403
00274322
00145561
00318477
00263195
00259873
00155902
00247939
00248406
00273059
00245083
00245339
00267492
00247902
00345693
00340713
00260985
00303095
00265157
00152358
00264149
00261434
00105846
00102520
00203883
00295662
00267827
00126858
00111050
00164104
00264051
00101266
00149497
00176039
00259837
00291903
00262567
00259712
00325103
00261045
00267711
00268871
00331496
00269302
00266846
00277435
00261595
00300450
00390222
00148452
00264608
00369356
00357698
00262974
00306755
00320409
00324733
00318769
00116903
00320843
00338152
00203953
00309804
00331636
00260967
00109125
00105314
00263894
00306348
00187114
00145677
00266998
00357519
00364218
00263335
00105439
00346249
00139898
00118831
00146676
00160889
00255202
00359067
00120146
00270061
00156707
00137447
00264778
00161648
00112262
00162920
00268288
00344658
00326032
00168119
00390347
00128537
00368889
00206136
00259402
00261416
00231716
00244808
00165769
00203005
00321213
00156017
00291028
00306357
00278382
00152473
00155221
00118576
00131762
00378877
00318732
00147347
00120243
00156451
00203892
00154888
00111148
00260860
00261920
00339832
00218380
00129697
00117656
00137650
00144410
00312066
00262770
00263797
00309521
00294344
00151872
00268507
00262460
00264884
00271662
00259989
00216300
00268206
00307213
00103459
00112387
00260781
00173573
00294946
00278337
00125008
00117753
00158644
00203494
00170576
00170424
00230708
00164186
00119511
00104476
00142810
00155683
00149992
00122199
00120580
00209081
00113119
00143934
00104023
00154596
00163026
00262497
00145136